0 0.6420454545454546 0.7851239669421488 0.3481404958677685 0.30853994490358116
0 0.9628099173553716 0.7713498622589531 0.07438016528925608 0.28374655647382874
0 0.3238636363636364 0.765840220385675 0.3357438016528926 0.2865013774104683
0 0.1962809917355372 0.7079889807162535 0.32438016528925623 0.2975206611570249
0 0.07334710743801653 0.42768595041322316 0.14669421487603307 0.1639118457300276
0 0.3403925619834711 0.43663911845730025 0.17871900826446283 0.15702479338842978
0 0.5418388429752066 0.49104683195592286 0.2117768595041322 0.18319559228650129
0 0.6043388429752067 0.40840220385674925 0.13016528925619839 0.0702479338842975
0 0.676652892561983 0.37258953168044073 0.21487603305785105 0.11707988980716227
0 0.6699380165289256 0.5303030303030303 0.2510330578512397 0.18457300275482091
0 0.7608471074380165 0.5929752066115702 0.1807851239669422 0.22451790633608815
0 0.9178719008264451 0.5365013774104679 0.1559917355371899 0.21900826446280924
0 0.865185950413223 0.4235537190082644 0.14772727272727265 0.13085399449035812
0 0.8533057851239669 0.31473829201101927 0.17561983471074386 0.12534435261707988
0 0.6637396694214875 0.2775482093663912 0.18904958677685946 0.1088154269972452
0 0.8016528925619835 0.2121212121212121 0.11776859504132232 0.08264462809917358
0 0.8228305785123967 0.15702479338842976 0.09194214876033058 0.038567493112947666
0 0.8713842975206612 0.11845730027548211 0.10847107438016536 0.09917355371900827
0 0.7701446280991735 0.13980716253443526 0.08574380165289242 0.09779614325068868
0 0.9762396694214877 0.23829201101928377 0.04752066115702476 0.12121212121212124
0 0.44163223140495866 0.37121212121212127 0.15599173553718998 0.11432506887052345
0 0.4953512396694215 0.3085399449035813 0.1353305785123967 0.13498622589531684
0 0.5940082644628099 0.21143250688705234 0.11983471074380163 0.1143250688705234
0 0.6513429752066117 0.16046831955922866 0.11880165289256198 0.10055096418732781
0 0.6518595041322314 0.1115702479338843 0.09710743801652903 0.05785123966942148
0 0.5413223140495869 0.17493112947658399 0.10537190082644628 0.07713498622589532
0 0.45506198347107435 0.21074380165289255 0.12293388429752056 0.0991735537190083
0 0.3775826446280992 0.29201101928374656 0.13533057851239666 0.10743801652892561
0 0.2448347107438017 0.38154269972451793 0.1632231404958678 0.1515151515151516
0 0.28512396694214875 0.28168044077134985 0.08471074380165283 0.08677685950413223
0 0.3584710743801653 0.22382920110192836 0.11983471074380173 0.03994490358126722
0 0.24018595041322313 0.28236914600550966 0.11260330578512395 0.0991735537190083
0 0.3068181818181818 0.2141873278236915 0.16115702479338848 0.04545454545454547
0 0.060950413223140494 0.3099173553719008 0.07851239669421488 0.10743801652892568
0 0.07799586776859506 0.2926997245179063 0.15392561983471076 0.13911845730027544
0 0.14979338842975207 0.24380165289256198 0.10537190082644628 0.12121212121212124
0 0.1058884297520661 0.19834710743801653 0.1270661157024793 0.06611570247933884
0 0.12913223140495866 0.15151515151515152 0.13636363636363635 0.06060606060606062
0 0.30785123966942146 0.1522038567493113 0.10123966942148761 0.081267217630854
0 0.3801652892561983 0.12190082644628099 0.07231404958677685 0.08953168044077132
0 0.4989669421487603 0.1315426997245179 0.09917355371900825 0.05647382920110193
0 0.515495867768595 0.09641873278236915 0.10330578512396692 0.05785123966942146
0 0.27892561983471076 0.10055096418732783 0.09297520661157027 0.05785123966942148
0 0.19008264462809918 0.09159779614325067 0.08057851239669421 0.07851239669421486
0 0.08212809917355372 0.09504132231404959 0.07128099173553719 0.06887052341597796
0 0.018078512396694214 0.13016528925619836 0.03615702479338843 0.08677685950413223
0 0.013429752066115703 0.07506887052341599 0.022727272727272728 0.03443526170798898
